Printing in order
4 
14 
16 
28 
33 
35 
39 
52 
78 
80 
85 
92 
97 
99 
105 
110 
------------------
Printing in pre order
78 
39 
28 
14 
4 
16 
33 
35 
52 
105 
85 
80 
92 
97 
99 
110 
------------------
Printing in post order
4 
16 
14 
35 
33 
28 
52 
39 
80 
99 
97 
92 
85 
110 
105 
78 
------------------
Deleting node 28
Printing in order
4 
14 
16 
33 
35 
39 
52 
78 
80 
85 
92 
97 
99 
105 
110 
------------------
Printing in pre order
78 
39 
33 
14 
4 
16 
35 
52 
105 
85 
80 
92 
97 
99 
110 
------------------
Printing in post order
4 
16 
14 
35 
33 
52 
39 
80 
99 
97 
92 
85 
110 
105 
78 
------------------
Deleting node 105
Printing in order
4 
14 
16 
33 
35 
39 
52 
78 
80 
85 
92 
97 
99 
110 
------------------
Printing in pre order
78 
39 
33 
14 
4 
16 
35 
52 
110 
85 
80 
92 
97 
99 
------------------
Printing in post order
4 
16 
14 
35 
33 
52 
39 
80 
99 
97 
92 
85 
110 
78 
------------------
Deleting node 110
Printing in order
4 
14 
16 
33 
35 
39 
52 
78 
80 
85 
92 
97 
99 
------------------
Printing in pre order
78 
39 
33 
14 
4 
16 
35 
52 
85 
80 
92 
97 
99 
------------------
Printing in post order
4 
16 
14 
35 
33 
52 
39 
80 
99 
97 
92 
85 
78 
------------------
